{
  "camera_angle_x": 1.2279671773441359,
  "camera_angle_y": 0.7510970537274573,
  "fl_x": 1361.962984788555,
  "fl_y": 1369.653745573639,
  "k1": 0.027911230755549483,
  "k2": -0.028947121671911727,
  "k3": 0,
  "k4": 0,
  "p1": -0.017732136680448693,
  "p2": -0.005061723314497381,
  "is_fisheye": false,
  "cx": 937.2020639239302,
  "cy": 490.56718704559074,
  "w": 1920.0,
  "h": 1080.0,
  "aabb_scale": 16,
  "frames": [
    {
      "file_path": "./..\\..\\Downloads\\images/0015.jpg",
      "sharpness": 24.962454507993776,
      "transform_matrix": [
        [
          -0.3895356864344871,
          0.07318239864530292,
          0.9180992786863895,
          3.3705413116848852
        ],
        [
          0.9206590978659103,
          0.0033720922901196732,
          0.39035298706467775,
          1.216124060555941
        ],
        [
          0.025471052412529206,
          0.9973128724347459,
          -0.06868959140140019,
          -0.32833210936248913
        ],
        [
          0.0,
          0.0,
          0.0,
          1.0
        ]
      ]
    },
    {
      "file_path": "./..\\..\\Downloads\\images/0012.jpg",
      "sharpness": 14.977479246785188,
      "transform_matrix": [
        [
          -0.3374852502351314,
          -0.15478403119867545,
          0.9285179640489211,
          3.3145081691393607
        ],
        [
          0.9410477896844704,
          -0.03128987938644948,
          0.33682339731371896,
          1.1610619484019722
        ],
        [
          -0.02308166813500816,
          0.9874527062780294,
          0.15621904321252866,
          0.6731141411125325
        ],
        [
          0.0,
          0.0,
          0.0,
          1.0
        ]
      ]
    },
    {
      "file_path": "./..\\..\\Downloads\\images/0014.jpg",
      "sharpness": 46.15635873083397,
      "transform_matrix": [
        [
          -0.4017514969851089,
          0.021109572561744224,
          0.9155053908188744,
          3.3563834155592067
        ],
        [
          0.9144193286187103,
          -0.044601881983382226,
          0.4023033228449012,
          1.2550873090029755
        ],
        [
          0.049325714581878906,
          0.9987817870144279,
          -0.001384128314161093,
          0.12699016669390933
        ],
        [
          0.0,
          0.0,
          0.0,
          1.0
        ]
      ]
    },
    {
      "file_path": "./..\\..\\Downloads\\images/0016.jpg",
      "sharpness": 59.80348613384486,
      "transform_matrix": [
        [
          -0.36875680176418557,
          0.09164745150537823,
          0.9249968463660587,
          3.3670865463893938
        ],
        [
          0.9291913693123919,
          0.06304104277838064,
          0.3641829569334324,
          1.0924892221881146
        ],
        [
          -0.02493632587698793,
          0.9937940287403186,
          -0.10840483427310822,
          -0.7392924656956403
        ],
        [
          0.0,
          0.0,
          0.0,
          1.0
        ]
      ]
    },
    {
      "file_path": "./..\\..\\Downloads\\images/0013.jpg",
      "sharpness": 41.449989390096285,
      "transform_matrix": [
        [
          -0.3797873884851136,
          -0.0740330346274715,
          0.9221066366388654,
          3.324391682306269
        ],
        [
          0.924856509771982,
          -0.05199070220152325,
          0.3767458071657622,
          1.207275095069408
        ],
        [
          0.02004933615588187,
          0.9958996318256033,
          0.08821534702801537,
          0.5210268318572754
        ],
        [
          0.0,
          0.0,
          0.0,
          1.0
        ]
      ]
    },
    {
      "file_path": "./..\\..\\Downloads\\images/0010.jpg",
      "sharpness": 68.77963582899095,
      "transform_matrix": [
        [
          -0.21994985368966485,
          -0.22468722453597023,
          0.949282736066633,
          3.5220342888488396
        ],
        [
          0.9752630560643009,
          -0.028700979071467476,
          0.21917624250009576,
          0.8849980425776534
        ],
        [
          -0.02200075767081547,
          0.9740081647155723,
          0.22544192540707556,
          0.8036854714518391
        ],
        [
          0.0,
          0.0,
          0.0,
          1.0
        ]
      ]
    },
    {
      "file_path": "./..\\..\\Downloads\\images/0009.jpg",
      "sharpness": 67.27493660597099,
      "transform_matrix": [
        [
          -0.16853839598285378,
          -0.20962806292895306,
          0.9631463462600672,
          3.7045950320573753
        ],
        [
          0.9856909717128406,
          -0.033018635764715844,
          0.1652969387981353,
          0.750530422436789
        ],
        [
          -0.002849098693060777,
          0.9772235388726713,
          0.21219339695604755,
          0.7396240282224886
        ],
        [
          0.0,
          0.0,
          0.0,
          1.0
        ]
      ]
    },
    {
      "file_path": "./..\\..\\Downloads\\images/0011.jpg",
      "sharpness": 70.00226948218742,
      "transform_matrix": [
        [
          -0.26802319437111166,
          -0.21458323117237108,
          0.9392111605920501,
          3.3985618842281546
        ],
        [
          0.9625390600573859,
          -0.018141456356855077,
          0.270535479050526,
          1.0371612551533145
        ],
        [
          -0.041013718961675306,
          0.9765372109975191,
          0.21140707272003925,
          0.764742343823657
        ],
        [
          0.0,
          0.0,
          0.0,
          1.0
        ]
      ]
    },
    {
      "file_path": "./..\\..\\Downloads\\images/0017.jpg",
      "sharpness": 68.4672871816104,
      "transform_matrix": [
        [
          -0.3235882214369089,
          0.11777850036898098,
          0.9388391171015764,
          3.4373889095254286
        ],
        [
          0.945151316206425,
          0.08689177344189827,
          0.3148631594540487,
          0.9842193579093377
        ],
        [
          -0.044493285119644795,
          0.9892310369983743,
          -0.13943565907012392,
          -0.9262840387458862
        ],
        [
          0.0,
          0.0,
          0.0,
          1.0
        ]
      ]
    },
    {
      "file_path": "./..\\..\\Downloads\\images/0008.jpg",
      "sharpness": 58.04086452172863,
      "transform_matrix": [
        [
          -0.13441136812533813,
          -0.18361524017371567,
          0.9737653863721789,
          3.832182757858089
        ],
        [
          0.9908925680183512,
          -0.032931204465702926,
          0.13056590067255888,
          0.6713242607486138
        ],
        [
          0.008093377829757028,
          0.9824464256896263,
          0.1863693051092898,
          0.6344339216845241
        ],
        [
          0.0,
          0.0,
          0.0,
          1.0
        ]
      ]
    },
    {
      "file_path": "./..\\..\\Downloads\\images/0006.jpg",
      "sharpness": 75.46843168786211,
      "transform_matrix": [
        [
          -0.05818469334691426,
          -0.08982256233704229,
          0.9942567318139057,
          4.108905346627511
        ],
        [
          0.9982897105918184,
          -0.010895739317190982,
          0.05743636993435629,
          0.518826777489134
        ],
        [
          0.005674080245364449,
          0.9958981826280618,
          0.09030290501102026,
          0.2619336721689597
        ],
        [
          0.0,
          0.0,
          0.0,
          1.0
        ]
      ]
    },
    {
      "file_path": "./..\\..\\Downloads\\images/0007.jpg",
      "sharpness": 77.61553319017192,
      "transform_matrix": [
        [
          -0.09145644891077451,
          -0.13713318654261727,
          0.986321553603709,
          3.974203078777764
        ],
        [
          0.9957357716403652,
          -0.02461149351084972,
          0.0889075219704917,
          0.5926585313266953
        ],
        [
          0.01208267472070761,
          0.9902468195039907,
          0.1387992991184081,
          0.4719535771776072
        ],
        [
          0.0,
          0.0,
          0.0,
          1.0
        ]
      ]
    },
    {
      "file_path": "./..\\..\\Downloads\\images/0022.jpg",
      "sharpness": 17.929096228899933,
      "transform_matrix": [
        [
          0.03919289630877977,
          0.1389561777329158,
          0.9895226614639622,
          4.1386428038734735
        ],
        [
          0.9962815814848344,
          0.07060503751906834,
          -0.049375490590066795,
          0.1000730308658167
        ],
        [
          -0.07672631408471464,
          0.9877783705612901,
          -0.13567226459447468,
          -0.968967623038475
        ],
        [
          0.0,
          0.0,
          0.0,
          1.0
        ]
      ]
    },
    {
      "file_path": "./..\\..\\Downloads\\images/0005.jpg",
      "sharpness": 77.1118639246539,
      "transform_matrix": [
        [
          -0.04310313211959857,
          -0.050543572666140985,
          0.9977912944426598,
          4.196935451094655
        ],
        [
          0.9990519449100775,
          0.003927220871598958,
          0.04335652554827546,
          0.4808432150247205
        ],
        [
          -0.00610994049663561,
          0.9987141353762372,
          0.05032637905472065,
          0.04183376302329914
        ],
        [
          0.0,
          0.0,
          0.0,
          1.0
        ]
      ]
    },
    {
      "file_path": "./..\\..\\Downloads\\images/0018.jpg",
      "sharpness": 63.11387514193722,
      "transform_matrix": [
        [
          -0.24617328820913106,
          0.14541946434062686,
          0.9582546068582842,
          3.576887263478462
        ],
        [
          0.967603461522579,
          0.09405418312975353,
          0.2343018392700306,
          0.8448649582304014
        ],
        [
          -0.05605580631770753,
          0.9848893288225845,
          -0.16386200459962497,
          -1.0419587775974497
        ],
        [
          0.0,
          0.0,
          0.0,
          1.0
        ]
      ]
    },
    {
      "file_path": "./..\\..\\Downloads\\images/0023.jpg",
      "sharpness": 16.068236252615723,
      "transform_matrix": [
        [
          0.006007662700958027,
          0.1856617422109002,
          0.9825953518463337,
          4.1700764579898895
        ],
        [
          0.9993191816016497,
          -0.03688407256309093,
          0.0008593451991191748,
          -0.24150146848843373
        ],
        [
          0.03640166578448506,
          0.9819212201965629,
          -0.18575692734792992,
          -0.7304719980823241
        ],
        [
          0.0,
          0.0,
          0.0,
          1.0
        ]
      ]
    },
    {
      "file_path": "./..\\..\\Downloads\\images/0001.jpg",
      "sharpness": 143.9686048418207,
      "transform_matrix": [
        [
          -0.04140697546800323,
          0.0174605116869251,
          0.9989897861921103,
          4.171255717152652
        ],
        [
          0.9989709694992962,
          0.019242335756460876,
          0.041069874753559055,
          0.45655690986139413
        ],
        [
          -0.018505795855068577,
          0.9996623745286218,
          -0.01823931121245618,
          -0.15470454044352897
        ],
        [
          0.0,
          0.0,
          0.0,
          1.0
        ]
      ]
    },
    {
      "file_path": "./..\\..\\Downloads\\images/0004.jpg",
      "sharpness": 142.745532735183,
      "transform_matrix": [
        [
          -0.036086980398868984,
          -0.02850209507169551,
          0.9989421206577243,
          4.1921530461268945
        ],
        [
          0.9993131188339048,
          0.007400232472868968,
          0.03631152827688606,
          0.45488096141606105
        ],
        [
          -0.008427358550954245,
          0.9995663395382061,
          0.028215465475201037,
          -0.0537288217461722
        ],
        [
          0.0,
          0.0,
          0.0,
          1.0
        ]
      ]
    },
    {
      "file_path": "./..\\..\\Downloads\\images/0002.jpg",
      "sharpness": 138.09053093232112,
      "transform_matrix": [
        [
          -0.037425236058764466,
          0.00924986406785281,
          0.99925661955406,
          4.181808853191256
        ],
        [
          0.9991615787753974,
          0.016955225567951093,
          0.03726472628366566,
          0.444988784215107
        ],
        [
          -0.016597927732157725,
          0.9998134627732327,
          -0.009876662104803764,
          -0.12360333030717821
        ],
        [
          0.0,
          0.0,
          0.0,
          1.0
        ]
      ]
    },
    {
      "file_path": "./..\\..\\Downloads\\images/0003.jpg",
      "sharpness": 148.5937186459302,
      "transform_matrix": [
        [
          -0.03478942668775337,
          -0.005840196885011081,
          0.9993776002557879,
          4.193285829991256
        ],
        [
          0.9993087647515334,
          0.0129074250866605,
          0.03486245929933738,
          0.4447195223801556
        ],
        [
          -0.013102995134791936,
          0.9998996402039122,
          0.0053871180162861736,
          -0.09959883924741966
        ],
        [
          0.0,
          0.0,
          0.0,
          1.0
        ]
      ]
    },
    {
      "file_path": "./..\\..\\Downloads\\images/0021.jpg",
      "sharpness": 65.39984423215056,
      "transform_matrix": [
        [
          -0.017107034129968425,
          0.15064549616768463,
          0.9884398230897031,
          4.000330225179206
        ],
        [
          0.9956933987077026,
          0.09265514508459063,
          0.003111247219235354,
          0.3655324128919154
        ],
        [
          -0.09111533983472149,
          0.984236231082593,
          -0.15158178080848933,
          -1.0711327265114399
        ],
        [
          0.0,
          0.0,
          0.0,
          1.0
        ]
      ]
    },
    {
      "file_path": "./..\\..\\Downloads\\images/0024.jpg",
      "sharpness": 42.93850995740965,
      "transform_matrix": [
        [
          0.004928990018544987,
          0.20599341951822656,
          0.9785409629517411,
          4.248037066331094
        ],
        [
          0.9928966272237284,
          -0.11733802737212434,
          0.01969961878220777,
          -0.3755281592348407
        ],
        [
          0.11887805813172876,
          0.9714929224906965,
          -0.20510852943564262,
          -0.49600592326352044
        ],
        [
          0.0,
          0.0,
          0.0,
          1.0
        ]
      ]
    },
    {
      "file_path": "./..\\..\\Downloads\\images/0020.jpg",
      "sharpness": 102.44963084614072,
      "transform_matrix": [
        [
          -0.0841340619149132,
          0.1651816873801784,
          0.9826680364099923,
          3.884538859902616
        ],
        [
          0.9936547928065471,
          0.08778009939839646,
          0.07031932083138231,
          0.5178131775239027
        ],
        [
          -0.07464323384134033,
          0.9823490542092296,
          -0.17151887166686886,
          -1.102275712848967
        ],
        [
          0.0,
          0.0,
          0.0,
          1.0
        ]
      ]
    },
    {
      "file_path": "./..\\..\\Downloads\\images/0019.jpg",
      "sharpness": 107.40982487802799,
      "transform_matrix": [
        [
          -0.1698637629947797,
          0.16017330609407993,
          0.9723635194915949,
          3.7181561519662534
        ],
        [
          0.983345402375433,
          0.09226881862302796,
          0.15658315598112776,
          0.6947356243167159
        ],
        [
          -0.06463839144347683,
          0.9827670004262071,
          -0.1731788128692767,
          -1.0949066218606178
        ],
        [
          0.0,
          0.0,
          0.0,
          1.0
        ]
      ]
    },
    {
      "file_path": "./..\\..\\Downloads\\images/0026.jpg",
      "sharpness": 40.75451621559049,
      "transform_matrix": [
        [
          0.008972220414290804,
          0.1277087937776729,
          0.9917711244307452,
          4.268989890989392
        ],
        [
          0.9967288536301488,
          -0.08080634349769145,
          0.0013882332886642717,
          -0.34456584325605466
        ],
        [
          0.08031868775061984,
          0.9885144403822881,
          -0.1280160519452432,
          -0.17159038323448053
        ],
        [
          0.0,
          0.0,
          0.0,
          1.0
        ]
      ]
    },
    {
      "file_path": "./..\\..\\Downloads\\images/0028.jpg",
      "sharpness": 33.843662224980825,
      "transform_matrix": [
        [
          0.03261932225306766,
          0.015484245031508501,
          0.9993478963671711,
          4.223313265395934
        ],
        [
          0.9991373748010971,
          -0.026215708864260875,
          -0.032206255360062865,
          -0.2517076683449459
        ],
        [
          0.025699923955730758,
          0.9995363799114487,
          -0.016326026587094224,
          0.2125471020912581
        ],
        [
          0.0,
          0.0,
          0.0,
          1.0
        ]
      ]
    },
    {
      "file_path": "./..\\..\\Downloads\\images/0025.jpg",
      "sharpness": 73.85919015155453,
      "transform_matrix": [
        [
          -0.0018756509871895267,
          0.18604737264143556,
          0.9825389850120597,
          4.268476376468986
        ],
        [
          0.992156515837889,
          -0.12245951495347157,
          0.02508217051577117,
          -0.37921497756299466
        ],
        [
          0.12498771945205682,
          0.9748795014423499,
          -0.18435842171060685,
          -0.3375736375557408
        ],
        [
          0.0,
          0.0,
          0.0,
          1.0
        ]
      ]
    },
    {
      "file_path": "./..\\..\\Downloads\\images/0029.jpg",
      "sharpness": 57.98434604498511,
      "transform_matrix": [
        [
          0.023349432552777397,
          -0.019795552185356485,
          0.9995313602459283,
          4.1800090792394515
        ],
        [
          0.9995462585523527,
          -0.018567626792065976,
          -0.02371750934026477,
          -0.15339173326879355
        ],
        [
          0.019028426457864338,
          0.9996316218242215,
          0.01935302657340447,
          0.36523716112814286
        ],
        [
          0.0,
          0.0,
          0.0,
          1.0
        ]
      ]
    },
    {
      "file_path": "./..\\..\\Downloads\\images/0031.jpg",
      "sharpness": 58.00384902577339,
      "transform_matrix": [
        [
          -0.05388353418282809,
          -0.07739771664644558,
          0.9955431473340672,
          3.9864954862909117
        ],
        [
          0.9985443687386779,
          -0.0017910136742537355,
          0.05390673362665631,
          0.28784543996141565
        ],
        [
          -0.002389226704386451,
          0.9969986889308692,
          0.07738156025707871,
          0.5802087527781934
        ],
        [
          0.0,
          0.0,
          0.0,
          1.0
        ]
      ]
    },
    {
      "file_path": "./..\\..\\Downloads\\images/0030.jpg",
      "sharpness": 64.49664483410915,
      "transform_matrix": [
        [
          -0.013750057612539418,
          -0.054379427871850926,
          0.9984256676097212,
          4.08683901450555
        ],
        [
          0.9998541165327902,
          -0.010866904122694893,
          0.013177862012580569,
          0.05471074597398949
        ],
        [
          0.010133191406734155,
          0.9984612101734623,
          0.054520915370125156,
          0.5183966124212406
        ],
        [
          0.0,
          0.0,
          0.0,
          1.0
        ]
      ]
    },
    {
      "file_path": "./..\\..\\Downloads\\images/0027.jpg",
      "sharpness": 68.50847173300863,
      "transform_matrix": [
        [
          0.016451388349783626,
          0.07065637587539052,
          0.9973650426857038,
          4.2329975782567315
        ],
        [
          0.9987512378478209,
          -0.04822295859909413,
          -0.013057992242179808,
          -0.3178277418774376
        ],
        [
          0.04717326275357508,
          0.9963343930699359,
          -0.0713614774866764,
          0.01380869323768509
        ],
        [
          0.0,
          0.0,
          0.0,
          1.0
        ]
      ]
    },
    {
      "file_path": "./..\\..\\Downloads\\images/0032.jpg",
      "sharpness": 74.65319363118911,
      "transform_matrix": [
        [
          -0.09860439463588644,
          -0.08913076326071444,
          0.9911270758086412,
          3.8845592131034548
        ],
        [
          0.9949204080996576,
          0.011449650896147108,
          0.1000114345520973,
          0.4707514293379706
        ],
        [
          -0.020262154508155498,
          0.9959541217028299,
          0.08754902946217719,
          0.5674339743508773
        ],
        [
          0.0,
          0.0,
          0.0,
          1.0
        ]
      ]
    },
    {
      "file_path": "./..\\..\\Downloads\\images/0033.jpg",
      "sharpness": 115.52745361545438,
      "transform_matrix": [
        [
          -0.11276122151123502,
          -0.09235533324423664,
          0.9893206756894226,
          3.8469572517421735
        ],
        [
          0.9931810811089091,
          0.0191862139215981,
          0.11499230114531375,
          0.5272851183366544
        ],
        [
          -0.02960147041363431,
          0.9955412505861505,
          0.0895621087997093,
          0.5408746681824618
        ],
        [
          0.0,
          0.0,
          0.0,
          1.0
        ]
      ]
    },
    {
      "file_path": "./..\\..\\Downloads\\images/0034.jpg",
      "sharpness": 89.16044210316124,
      "transform_matrix": [
        [
          -0.10459875479112314,
          -0.09124610105522968,
          0.9903197713568587,
          3.8605771878009545
        ],
        [
          0.9937046214503868,
          0.03058970936243044,
          0.10777474188912091,
          0.5507527291718984
        ],
        [
          -0.040127618971290885,
          0.9953584373105376,
          0.0874720267991782,
          0.4932981746796109
        ],
        [
          0.0,
          0.0,
          0.0,
          1.0
        ]
      ]
    },
    {
      "file_path": "./..\\..\\Downloads\\images/0035.jpg",
      "sharpness": 95.90677909631552,
      "transform_matrix": [
        [
          -0.10016944422017314,
          -0.08487905063536809,
          0.991343345773701,
          3.878229526245242
        ],
        [
          0.994336938729929,
          0.027007936208384403,
          0.1027843551274141,
          0.5339143916215171
        ],
        [
          -0.03549837632664592,
          0.9960251593945495,
          0.08169300541154684,
          0.49612522954845917
        ],
        [
          0.0,
          0.0,
          0.0,
          1.0
        ]
      ]
    }
  ]
}